1
706
5690 -871 9283 2181 -9073 -6052 1756 8478 4730 5852 -1238 -5677 7074 -1198 -2126 -5063 -7561 9074 -8710 225 7683 -8816 -7447 4569 4362 5287 6090 -4605 -5595 599 3534 1185 -2965 1015 4997 -7149 397 -5792 5590 3356 8252 -2272 -9229 -3455 -6431 3992 -4854 2568 9878 1198 774 -6863 9430 540 -1842 -5521 1048 -383 1990 3404 1463 393 -4064 -4612 693 -2271 -8850 577 -2487 8604 6499 2879 6724 -2412 -3118 -1228 5291 802 -6545 13 5434 4402 -1136 634 -2135 -3672 7264 -4541 283 367 3228 2072 6306 -5435 9556 -4300 4076 -1440 2489 6674 5359 2488 3714 -2453 4979 2705 8650 -2838 -9460 956 -527 -1367 3156 6447 9636 -3937 1239 4404 5600 -6926 2325 9864 -9277 -4335 -2427 -3245 8762 -5176 -4697 -4472 6714 6031 7110 9060 4547 -1104 392 -3197 -7951 -7436 6668 -166 -974 -2517 -4516 4244 2498 -1092 8564 -7008 5122 -2659 8276 -1577 -4920 -8612 210 -3264 8515 5784 4989 -3706 5941 8392 4986 -6321 998 8704 563 -7555 2303 1630 1027 -529 5680 -200 -8443 17 5099 1731 -9552 445 -486 -2573 -2859 130 6861 8628 6423 7474 334 1052 -6535 -2323 -8203 1581 -5389 -5886 7611 -4275 100 3056 -1066 4573 4727 524 -1588 1998 9176 679 -894 7407 -490 -4522 -9965 1114 -2711 3764 8189 -7265 -9755 5317 6587 -9525 7303 2660 683 -2575 5567 5755 851 3227 6603 -8902 -2750 -103 -1882 -6711 6490 185 -107 3988 -2491 519 -2354 -2663 8214 -9116 9786 -1565 2838 -3785 -6973 -1545 3258 6130 -3341 -7902 -5877 -7501 3614 -312 -6333 -1815 -217 6835 -2253 142 -7451 7570 -4563 -5112 -1012 -1322 3346 -9851 -8665 7445 -737 1026 -7954 -9007 -1130 -1071 -1229 -60 2716 2179 5385 384 3738 -5031 2316 2022 -7753 5447 3005 -8826 2550 8530 10 2430 -9134 747 5284 -440 8836 -571 -7630 9522 -2190 -445 -4706 -714 7000 -5616 2059 -8384 944 -9832 -2252 -3291 2296 4062 9768 -8035 -5192 -379 -7880 6616 -4073 -9953 2824 2538 1611 -2979 -7162 -2719 5184 -8696 -1073 8704 846 -9051 1143 2156 -769 -302 9848 3188 -310 7634 -9141 -1725 3201 6032 -3218 3585 -2345 2020 1368 -2175 -7031 -2717 1700 1686 -5322 8542 5574 -1453 -2230 2160 -1666 -3951 8592 -3214 -1987 5191 1907 1623 -9667 1992 -9567 -3280 4868 -6104 21 -1535 -1834 -288 -4828 6625 1919 7245 -9087 -1509 -1598 1122 -8908 -5023 -1992 5252 -8966 6981 -8466 -2301 9236 -4613 3877 -5290 5200 2462 9132 8701 1081 2546 -169 -8763 1634 3083 4561 6142 -6337 -6834 -8828 1029 -5985 169 -9398 -7407 8464 4691 -5345 -4644 -2465 -5559 6912 9948 -9130 -4081 -8765 7077 -119 4848 548 -833 -838 -5897 -8325 -5654 -8842 5730 -566 5533 -9720 4440 2239 -804 2621 7850 -4525 1788 2630 -7899 -2639 -1003 -4486 -2212 8828 -3931 -2083 8832 -3291 3257 1449 -6127 -7065 -2294 -8438 6339 71 -6346 6060 -9222 -1561 -924 -5906 -9314 6985 -235 1971 -1158 3857 -3593 4734 -1384 -4500 -2091 -2101 -6574 6886 -3210 9982 -9700 -9408 -1220 1428 -5561 -5453 604 5399 -1570 6991 -9558 -1320 -4150 3947 9468 510 480 -3208 -2139 -1700 2015 2356 5766 1721 -8265 -704 2051 -4302 7428 -2911 4825 -1099 1132 3755 -904 -7610 6033 -1631 2433 -4091 -133 -1518 -9322 1806 -4722 4971 6395 7228 -578 -206 4643 319 8725 -1366 3172 5845 -2510 1873 5875 -3698 9942 -2342 -4969 -7322 -6728 8284 -6933 -1163 4036 5136 2535 7729 9725 5234 -7126 2783 7066 8265 -3323 8909 8632 -6427 564 4420 -8742 -3077 1522 9588 -7240 -553 475 -3743 2901 4235 681 6924 -8169 -9635 -7545 709 5220 6350 -7581 -1449 6120 3341 9771 -1434 2623 -5541 -8251 9248 -51 8397 6332 -8052 3140 -4371 144 7974 1958 7367 -844 9815 1472 -1262 -921 7328 -9054 -2529 -4598 -1882 -3311 -7579 -5091 -1235 4248 -7423 -5975 3023 -7520 -5967 -2795 8325 -1090 1798 6461 -574 -6606 7439 7519 7945 7016 -9324 -1125 5370 1671 -8016 -2730 4038 -3831 -5301 -795 -3304 3960 9207 -8970 -9456 -2652 2678 2540 7503 3197 -4024 7724 5372 1621 -3157 150 -498 7444 6393 -205 -7295 9150 -2582 1846 -246 1434 4400 -2298 -8942 -6100 975 -760 6146 -3660 768 3969 -2095 -1797 7924 5418 


1
7
-1 9 4 5 -4 -7 0

total= 351 355
930252761 -51 10
65465240 10 -51

Its Correct output is:
995717491



And Your Code's Output is:
995717960












3 34 4 12 5 2

1
11
1 3 5 8 9 2 6 7 6 8 9


1
()()()()())

(((
((()))
(()
(((())
())())

(()(()(()


1

()()()()())
(((((()))

(()(((())())())

(()(()(()


1
()()()()())(((((()))(()(((())())())(()(()(()

Its Correct output is:
14

And Your Code's Output is:
26



1
()()((


1
9
87 87 78 78 16 16 94 94 36 36 87 87 93 93 50 50 22 22 80 63 





1
4 2 3
12100 55110 52121 32556 22421
54545 45455 56565 25455 21454



Its Correct output is:
-1

And Your Code's Output is:
32